Epoch	AverageVVals	StdVVals	MaxVVals	MinVVals	TotalEnvInteracts	LossPi	LossV	DeltaLossPi	DeltaLossV	Entropy	KL	ClipFrac	StopIter	Time
0	-4452.18	640.95844	-1527.7242	-5430.281	50	3.0994414e-08	1279328.0	0.025145423	-1061960.1	2.8052073	0.18489212	0.7	1.0	27.82948327064514
1	-3541.1995	321.06702	-2114.7207	-3792.0308	100	1.335144e-07	617914.75	-0.00330626	-546811.1	2.735862	0.09242118	0.7	1.0	58.599578857421875
2	-2812.9858	288.23138	-1807.3861	-3034.8523	150	-4.7683717e-08	223096.7	-0.004391718	-179694.62	2.584126	0.094973676	0.22	4.0	89.43892002105713
3	-2432.3645	242.49008	-1558.0508	-2640.8384	200	1.6212464e-07	224952.19	-0.010247283	-189490.77	2.9329848	0.051513914	0.58	4.0	119.15510582923889
4	-1961.18	181.91663	-1538.0684	-2152.8726	250	-1.4305114e-08	78970.95	-0.021116517	-61195.92	2.7872334	0.07513559	0.62	2.0	148.91040015220642
5	-1728.7543	191.94084	-1231.3457	-1920.0315	300	-1.335144e-07	116556.11	-0.0026264908	-104819.35	2.9876525	0.02437407	0.36	2.0	178.3256709575653
6	-1635.1769	245.1567	-1007.44696	-1982.2003	350	-1.3113022e-08	28404.682	-0.00633042	-25974.95	2.8858614	0.027963044	0.38	3.0	207.97961354255676
7	-1302.6678	103.11637	-1142.0652	-1425.6599	400	-2.670288e-07	65206.9	-0.0056759454	-60972.26	3.0009594	0.107088625	0.6	1.0	237.13537216186523
8	-1053.8252	110.50155	-763.2174	-1170.9629	450	-1.9073486e-08	23584.057	0.0037831354	-20824.64	2.720069	0.09184206	0.5	1.0	266.43312311172485
9	-918.36584	96.54436	-597.9183	-1068.5704	500	-1.1920929e-07	8982.156	-0.022660086	-7453.504	2.6117032	0.04978777	0.5	2.0	294.90754103660583
10	-830.03534	98.17502	-640.1897	-942.30505	550	2.8610229e-08	15697.135	0.0060723163	-14790.6455	2.885562	0.05314205	0.46	2.0	322.636714220047
11	-720.1468	92.03752	-524.92523	-840.0737	600	1.1920929e-07	4356.3735	-0.021417905	-3970.9675	2.5574703	0.015498741	0.54	3.0	350.8443138599396
12	-628.1069	64.42435	-463.30798	-788.0646	650	-3.5762786e-09	1668.0289	-0.042821307	-1248.3392	2.6442022	0.066520885	0.42	1.0	381.8052797317505
13	-632.2002	95.23239	-476.75385	-755.20856	700	-2.8610229e-08	2246.797	0.00026540994	-2138.2834	2.699585	0.036138106	0.36	6.0	412.0257787704468
14	-570.67334	67.209435	-427.37268	-706.00995	750	2.8610229e-08	585.1316	-0.010295556	-256.79874	2.585326	0.062827006	0.5	1.0	440.3083577156067
15	-577.0555	86.862656	-430.92725	-714.94543	800	2.0861625e-08	479.91086	0.0025161123	-391.92126	2.7068024	0.053602714	0.18	5.0	469.32243824005127
16	-539.2473	63.696518	-423.79306	-648.1948	850	1.8596648e-07	716.7545	-0.022216154	-567.98785	2.586517	-0.005788195	0.22	79.0	524.0870499610901
17	-501.16788	58.308075	-387.09882	-601.90906	900	1.04904174e-07	2568.8887	-0.0566839	-2430.299	2.5540714	0.08207022	0.62	1.0	552.7907729148865
18	-444.69492	53.874527	-336.1001	-543.7626	950	1.4543534e-07	1646.8441	0.007942025	-1456.8655	2.7578385	0.026020521	0.36	8.0	583.5339252948761
19	-400.88333	53.671276	-312.8494	-506.12326	1000	-1.9073486e-08	406.57706	-0.013207441	-273.56808	2.6240506	0.10301907	0.56	2.0	611.4354746341705
20	-411.77734	86.337326	-295.97565	-563.344	1050	-2.2947788e-08	1428.3018	0.014696819	-1266.4053	2.7330701	0.045162983	0.46	2.0	639.4918351173401
21	-381.96884	56.540176	-283.11432	-510.19293	1100	5.1259995e-08	742.7511	-0.010488309	-468.03015	2.5614657	0.06937531	0.32	1.0	667.2513418197632
22	-419.0214	68.0556	-305.32196	-542.9795	1150	4.7683715e-09	92.34618	-0.00086755276	-23.18856	2.8562942	0.04450817	0.5	4.0	695.8394465446472
23	-384.22824	35.054615	-318.16193	-457.42163	1200	-4.7683717e-08	1099.5732	-0.0040485575	-1007.3756	2.5930786	0.06613095	0.5	2.0	723.765466928482
24	-384.6731	62.21086	-272.26318	-481.5404	1250	-2.3841857e-09	186.24826	-0.009435203	347.69894	2.661295	0.011244156	0.5	5.0	752.6933372020721
25	-349.39648	50.446632	-281.92084	-436.08987	1300	2.592802e-08	121.09117	-0.03802377	-60.446	2.6803153	0.10316444	0.56	2.0	780.5673494338989
26	-319.53232	26.899473	-259.44824	-361.59207	1350	2.0980835e-07	2235.3682	-0.006431408	-1999.4385	2.8912961	0.03742485	0.28	5.0	809.9073736667633
27	-292.80994	55.0672	-222.12839	-415.83044	1400	5.2452087e-08	963.9886	-0.022550534	-814.6604	2.7970638	0.070472926	0.36	1.0	839.1371881961823
28	-313.395	40.558605	-240.51993	-394.25235	1450	-9.536743e-09	240.49553	0.014918189	15720.285	2.9418976	0.045575522	0.64	2.0	867.7771444320679
29	-189.56363	53.599346	-115.433586	-304.43793	1500	1.0967255e-07	1791.4418	-0.037286814	-1721.8324	2.6717608	0.005728707	0.18	71.0	920.0237607955933
30	-203.25572	21.599707	-158.18216	-267.31204	1550	-5.9604646e-09	309.7446	-0.013058085	-188.53586	2.755203	0.10391953	0.86	2.0	950.149808883667
31	-238.03644	52.5117	-161.53209	-309.6086	1600	-1.1324882e-08	547.90094	-0.035765648	1102.3638	2.8063145	0.016192265	0.24	54.0	996.7765624523163
32	-243.27199	19.434855	-191.5184	-277.19873	1650	1.7642975e-07	1135.0474	-0.013125247	-1083.5308	2.8821511	0.03523169	0.58	2.0	1027.0669288635254
33	-207.6326	38.163746	-155.87155	-308.19376	1700	-1.04904174e-07	1271.5708	-0.024377776	-1086.3597	2.7615252	0.06730133	0.58	2.0	1057.0539345741272
34	-229.61047	20.66802	-178.33205	-263.3389	1750	3.8146972e-08	816.3374	-0.006512671	-753.84564	2.771724	0.06450357	0.56	2.0	1087.6653234958649
35	-210.33926	32.79337	-160.41365	-273.51575	1800	-2.1457673e-08	128.96393	0.0017004871	-33.550117	2.891899	0.037195798	0.5	2.0	1117.8410766124725
36	-245.22508	54.592014	-171.05765	-334.96475	1850	-1.1026859e-08	1688.1095	-0.040331762	-1542.4436	2.679575	0.08677698	0.52	1.0	1146.9709675312042
37	-165.55797	15.93311	-134.99396	-192.7362	1900	-1.1086464e-07	945.90686	0.022375084	-790.24915	2.7940133	0.039555024	0.66	2.0	1176.6172547340393
38	-159.00766	21.835743	-125.006996	-211.00983	1950	1.3113022e-08	203.06476	-0.0069675576	-87.21254	2.6627676	0.0587689	0.62	2.0	1206.9853670597076
39	-177.29631	36.106636	-125.99992	-258.2153	2000	4.7683717e-08	621.9659	0.0019017886	-566.51117	2.8889303	0.14365402	0.76	2.0	1236.9169716835022
40	-189.68103	19.858686	-155.87646	-238.04744	2050	4.7683715e-09	156.8021	-0.005524491	-78.033646	2.8225205	0.045857344	0.5	1.0	1267.7735080718994
41	-193.0684	30.925632	-140.29216	-260.71146	2100	-1.4305114e-08	109.891205	0.0033222437	5125.017	2.7727268	0.049404386	0.3	5.0	1299.0926339626312
42	-261.0666	27.062622	-177.5132	-321.32376	2150	6.139278e-08	424.49164	0.0038558953	-120.87686	3.132649	0.04497464	0.46	2.0	1327.7163472175598
43	-260.38376	35.645386	-201.32837	-334.1753	2200	1.66893e-08	184.85077	-0.006397718	-26.64647	2.741273	0.03211149	0.2	2.0	1356.7696974277496
44	-270.42126	40.045677	-210.14908	-343.9428	2250	7.152557e-09	322.0199	-0.04766858	-45.86142	2.854329	-0.013976009	0.34	79.0	1411.2346811294556
45	-258.79727	32.255997	-207.90575	-327.9368	2300	0.0	253.5005	-0.015199895	-99.84042	2.6730366	0.04105186	0.56	2.0	1439.2141489982605
46	-279.29892	47.663994	-208.35382	-373.8944	2350	0.0	318.3112	-0.010357053	-185.94527	2.639414	0.058438797	0.32	2.0	1467.4508571624756
47	-279.40375	33.773914	-221.19595	-346.72232	2400	-7.152557e-09	174.76794	0.00014183999	-11.612839	2.8274713	0.024318216	0.26	10.0	1498.361495256424
48	-307.91348	58.630615	-217.33485	-406.22614	2450	3.8146972e-08	290.99866	-0.009857974	-198.5141	2.607377	0.037583373	0.32	2.0	1526.4236197471619
49	-302.56024	43.073242	-236.23907	-387.7037	2500	-6.198883e-08	4671.303	-0.0046029403	-4301.483	2.5483077	0.08089371	0.4	2.0	1554.5801193714142
50	-210.92621	13.213684	-175.69653	-244.99069	2550	-5.2452087e-08	613.1372	0.002579522	-392.94714	2.494132	0.02548757	0.26	2.0	1582.9690606594086
51	-185.90686	23.028797	-151.02524	-242.44797	2600	1.1920929e-08	100.25538	-0.014395218	-12.389175	2.7962134	0.01945115	0.42	3.0	1611.9278106689453
52	-188.1314	29.055357	-144.92192	-246.67401	2650	-6.198883e-08	130.49777	-0.031478953	-97.78749	3.0287936	0.06782803	0.5	1.0	1640.0081896781921
53	-193.4128	23.83195	-152.41765	-250.63377	2700	-4.7683715e-09	89.27982	0.014338927	0.30926514	3.0952923	0.012408602	0.48	2.0	1668.1063024997711
54	-191.7702	24.752512	-146.35884	-254.7799	2750	5.4836274e-08	230.45851	-0.056747302	-150.21744	2.9840035	-0.07486145	0.28	79.0	1722.0693008899689
55	-201.02574	27.68238	-154.46832	-264.9612	2800	-7.152557e-09	308.36594	-0.0005340433	-186.8999	2.822679	0.09662346	0.58	1.0	1749.4243471622467
56	-220.08553	32.98805	-167.16254	-289.3656	2850	4.7683717e-08	291.16428	-0.01269759	-131.18057	2.738112	0.009017966	0.2	5.0	1778.020302772522
57	-227.9885	29.688787	-184.61269	-299.60873	2900	-7.152557e-09	235.80727	0.0031447436	-138.83096	2.5065355	0.014985635	0.44	2.0	1805.6431367397308
58	-237.13513	36.81479	-181.94818	-314.79382	2950	-1.4305114e-08	256.81567	-0.022632547	-116.92473	3.0506344	0.0752321	0.42	1.0	1833.0010282993317
59	-255.00604	33.682976	-196.63837	-330.24255	3000	8.34465e-09	121.88572	0.0027859616	78.43577	2.6043177	0.026551927	0.26	2.0	1860.4145283699036
60	-252.95544	39.170723	-189.99597	-339.8957	3050	1.9073486e-08	379.43643	-0.055877183	-15.2344055	3.002166	0.11126606	0.64	1.0	1887.7795469760895
61	-268.60883	36.17248	-201.2661	-340.99442	3100	-1.2218952e-08	171.54764	-0.013554613	-2.5986023	2.5204935	0.14998052	0.54	1.0	1915.4638557434082
62	-269.8747	36.684284	-214.2302	-342.3933	3150	8.046627e-09	167.29239	0.015797239	-4.4664154	2.84215	0.033265714	0.26	1.0	1942.9488878250122
63	-269.16357	35.821274	-211.57466	-348.6998	3200	8.34465e-09	133.22125	-0.024738738	39673.168	2.5596368	0.056853037	0.48	2.0	1970.4450178146362
64	-459.61072	57.47787	-300.18854	-553.0388	3250	-2.3841858e-08	1371.3525	-0.007911581	-1217.9138	3.0284839	0.08490722	0.56	1.0	1997.7077882289886
65	-434.7108	63.209396	-335.14862	-565.2344	3300	9.536743e-09	217.07904	-0.0039958498	-12.264511	2.973952	0.04822563	0.54	1.0	2024.969367980957
66	-440.61975	59.923912	-351.6905	-558.9556	3350	5.5134297e-09	232.17635	0.0014333086	-2.7670898	2.8827164	0.092759036	0.68	1.0	2052.1439669132233
67	-434.9298	59.478977	-344.51587	-559.9237	3400	-4.7683715e-09	224.58267	0.004141269	-20.613174	2.9613743	0.052806236	0.32	5.0	2080.6282823085785
68	-441.55313	57.239166	-330.7056	-566.69666	3450	-9.536743e-09	472.7822	-0.026665602	-13.09552	3.0845966	0.014976766	0.12	47.0	2122.7825639247894
69	-438.03665	64.614235	-338.78094	-572.2391	3500	-2.3841857e-09	286.24112	-0.007787843	-122.004974	2.7055938	0.062563285	0.42	2.0	2150.175456047058
70	-449.43964	64.50703	-348.95935	-575.2019	3550	-1.1920929e-09	320.7084	-0.030135205	-7.072937	2.6829963	0.076358154	0.54	3.0	2178.225852251053
71	-456.8849	58.759506	-344.9128	-570.0371	3600	3.5762786e-09	774.7054	0.0059361625	-76.51929	2.447756	0.019436302	0.26	3.0	2205.8474814891815
72	-445.0163	61.347256	-351.14465	-570.4889	3650	1.6093255e-08	425.25333	-0.021043226	-10.173859	2.7785304	0.13884795	0.5	1.0	2232.8769290447235
73	-442.2618	58.27493	-357.59894	-561.7989	3700	-4.7683715e-09	229.0834	-0.0070458604	-55.500473	2.3389273	0.15305163	0.72	1.0	2260.047031402588
74	-434.48767	57.15713	-345.37567	-552.80286	3750	-7.152557e-09	132.40036	-0.006897745	-29.463326	2.7918403	0.087681144	0.52	1.0	2287.2365641593933
75	-431.89813	66.85923	-329.8581	-564.76465	3800	-4.2915346e-08	245.19992	0.018407993	-41.511353	2.8007498	0.05762725	0.38	1.0	2314.2697627544403
76	-436.66446	62.06674	-341.11218	-561.5774	3850	0.0	253.54701	-0.024247164	11.743637	2.7353637	0.045508027	0.48	2.0	2341.6678750514984
77	-437.2557	59.887848	-338.85724	-571.7143	3900	7.152557e-09	288.35657	-0.003147304	50.173737	2.6490588	0.07161447	0.42	3.0	2369.4086287021637
78	-436.84805	57.93563	-352.06967	-560.78357	3950	-7.152557e-09	202.93129	0.0058607077	47.071564	2.8675823	0.038151857	0.4	5.0	2397.93390417099
79	-450.5553	67.10667	-342.88336	-576.17993	4000	4.7683715e-09	448.81366	-0.0019505406	-19.638458	2.843689	0.048735835	0.26	5.0	2426.1742086410522
80	-438.9188	59.379642	-351.6804	-561.55237	4050	-1.847744e-08	217.20885	-0.009585489	121.73357	3.0616283	0.038974784	0.2	2.0	2453.8556056022644
81	-435.27814	61.551674	-344.49634	-564.432	4100	1.4305114e-08	177.95451	-0.016563218	-11.602463	2.7692614	0.110665515	0.6	2.0	2481.3123757839203
82	-454.75128	64.22635	-334.47867	-568.8106	4150	1.6838312e-08	1159.5262	0.003994495	-267.4588	2.653224	0.058461227	0.4	2.0	2508.715587377548
83	-431.1473	51.38015	-353.2021	-541.3387	4200	-1.2516975e-08	221.84564	-0.040202986	-86.18379	2.7705472	0.028890058	0.42	4.0	2536.754960536957
84	-435.4357	60.98556	-321.97693	-563.7011	4250	2.3841858e-08	524.5859	-0.0010671711	-64.4931	2.6914904	0.058314875	0.42	2.0	2564.2163903713226
85	-449.3029	63.48312	-349.85565	-579.9577	4300	2.3841857e-09	281.74088	-0.025253272	-37.60617	2.8267624	0.16238159	0.64	2.0	2591.458887577057
86	-450.528	58.414345	-359.89447	-579.43335	4350	9.536743e-09	190.58281	0.014269686	-36.7278	2.6497793	0.07116105	0.62	1.0	2618.6912546157837
87	-444.13168	69.77936	-331.296	-575.6489	4400	-9.536743e-09	389.78876	-0.0051240004	-147.5643	2.7382078	0.020144073	0.04	2.0	2646.1680727005005
88	-455.80743	58.98833	-366.75092	-578.5762	4450	7.152557e-09	170.04109	-0.015647195	-39.56726	2.5135279	0.059619416	0.36	1.0	2673.3482460975647
89	-457.20633	66.51974	-361.18893	-595.1533	4500	0.0	150.73553	-0.007449634	-49.996254	2.7356749	0.070949525	0.58	3.0	2701.150153160095
90	-461.62198	65.932396	-352.71613	-604.1929	4550	-1.9073486e-08	318.2377	-0.048226476	-50.46396	2.7979653	-0.05476051	0.44	79.0	2754.505970954895
91	-482.7243	66.00566	-353.69482	-605.62354	4600	0.0	1163.5997	-0.009548486	-132.16357	2.6356924	0.022558365	0.42	4.0	2782.3316485881805
92	-462.12393	61.333385	-366.75485	-588.9201	4650	-8.34465e-09	173.77309	-0.0065408326	-25.090134	3.1560373	0.07177132	0.58	2.0	2809.57687830925
93	-466.30746	66.35856	-363.7921	-596.1105	4700	1.07288365e-08	452.4036	0.00072309974	-59.058197	2.7898405	0.06582694	0.58	2.0	2836.818888425827
94	-459.01337	62.603195	-372.09232	-597.74365	4750	2.2649765e-08	254.55392	-0.008795301	-140.88959	2.574508	0.077284835	0.54	2.0	2864.1799669265747
95	-486.23016	59.47971	-363.4399	-608.1767	4800	-4.7683715e-09	987.4437	0.018794583	-25.638794	2.8148334	0.0240365	0.42	2.0	2891.391990661621
96	-481.26273	69.3492	-344.9816	-589.0361	4850	-2.682209e-08	1773.7593	-0.039886583	-704.9187	2.8801289	-0.010766818	0.22	79.0	2943.6875257492065
97	-447.13016	52.30971	-366.84088	-553.3158	4900	-5.185604e-08	444.4346	-0.041109867	-230.60683	2.5967004	0.08388244	0.6	2.0	2970.8646306991577
98	-431.33548	56.85022	-349.04688	-553.1625	4950	4.7683715e-09	112.49001	0.031104885	-56.597	3.2812524	0.05769575	0.54	1.0	2997.850163459778
99	-445.9078	62.845657	-336.58832	-569.22876	5000	7.152557e-09	352.94696	0.0012963295	-16.125671	2.7260015	0.016462173	0.5	3.0	3025.748433828354
